0 1 0.5017
0 2 0.8242
0 3 0.3276
0 4 0.3320
0 5 0.3545
0 6 0.8688
0 7 0.7911
0 8 0.4317
0 9 0.6620
0 10 0.8452
0 11 0.5901
0 12 0.1845
0 13 0.4702
0 14 0.9301
0 15 0.8142
0 16 0.3095
0 17 0.6080
0 18 0.8559
0 19 0.5971
1 2 0.7264
1 3 0.7251
1 4 0.1706
1 5 0.8025
1 6 0.3992
1 7 0.6893
1 8 0.4341
1 9 0.4296
1 10 0.4746
1 11 0.4974
1 12 0.3331
1 13 0.5390
1 14 0.5696
1 15 0.4459
1 16 0.7533
1 17 0.3140
1 18 0.6585
1 19 0.1655
2 3 0.7169
2 4 0.7092
2 5 0.8251
2 6 0.6788
2 7 0.0376
2 8 0.3974
2 9 0.3073
2 10 0.4561
2 11 0.2506
2 12 0.6971
2 13 0.3609
2 14 0.4499
2 15 0.4518
2 16 0.7981
2 17 1.0398
2 18 0.1596
2 19 0.5998
3 4 0.5656
3 5 0.1103
3 6 1.0135
3 7 0.6939
3 8 0.4209
3 9 0.6858
3 10 0.9136
3 11 0.5519
3 12 0.4061
3 13 0.3794
3 14 0.9785
3 15 0.8865
3 16 0.0830
3 17 0.9094
3 18 0.8071
3 19 0.7573
4 5 0.6368
4 6 0.5471
4 7 0.6716
4 8 0.3489
4 9 0.4499
4 10 0.5687
4 11 0.4607
4 12 0.1643
4 13 0.4458
4 14 0.6617
4 15 0.5376
4 16 0.5877
4 17 0.3781
4 18 0.6786
4 19 0.2805
5 6 1.1104
5 7 0.8029
5 8 0.5278
5 9 0.7936
5 10 1.0194
5 11 0.6618
5 12 0.4730
5 13 0.4896
5 14 1.0862
5 15 0.9917
5 16 0.0492
5 17 0.9587
5 18 0.9173
5 19 0.8492
6 7 0.6513
6 8 0.6137
6 9 0.4082
6 10 0.2323
6 11 0.5618
6 12 0.6854
6 13 0.7011
6 14 0.2918
6 15 0.2288
6 16 1.0637
6 17 0.6108
6 18 0.5401
6 19 0.2718
7 8 0.3626
7 9 0.2724
7 10 0.4323
7 11 0.2136
7 12 0.6613
7 13 0.3313
7 14 0.4328
7 15 0.4259
7 16 0.7743
7 17 1.0025
7 18 0.1498
7 19 0.5642
8 9 0.2662
8 10 0.4930
8 11 0.1589
8 12 0.3014
8 13 0.1051
8 14 0.5584
8 15 0.4663
8 16 0.4869
8 17 0.7196
8 18 0.4271
8 19 0.3893
9 10 0.2354
9 11 0.1587
9 12 0.4945
9 13 0.3220
9 14 0.2927
9 15 0.2131
9 16 0.7531
9 17 0.7432
9 18 0.2317
9 19 0.2930
10 11 0.3920
10 12 0.6642
10 13 0.5571
10 14 0.0951
10 15 0.0313
10 16 0.9768
10 17 0.7567
10 18 0.3101
10 19 0.3092
11 12 0.4498
11 13 0.1744
11 14 0.4388
11 15 0.3713
11 16 0.6252
11 17 0.8056
11 18 0.2690
11 19 0.3990
12 13 0.3730
12 14 0.7512
12 15 0.6330
12 16 0.4239
12 17 0.5101
12 18 0.7040
12 19 0.4136
13 14 0.6108
13 15 0.5334
13 16 0.4550
13 17 0.8205
13 18 0.4296
13 19 0.4902
14 15 0.1250
14 16 1.0452
14 17 0.8484
14 18 0.2923
14 19 0.4043
15 16 0.9488
15 17 0.7315
15 18 0.3116
15 19 0.2803
16 17 0.9115
16 18 0.8843
16 19 0.8014
17 18 0.9706
17 19 0.4635
18 19 0.5113
