2 24 101.32
0 1 94.37
13 18 64.12
6 17 83.10
16 23 38.01
12 16 63.56
9 14 16.28
12 15 48.37
4 6 94.24
1 14 86.98
4 20 68.35
0 6 30.36
2 17 83.29
5 20 16.76
6 21 69.29
5 11 37.20
10 16 39.56
2 23 77.16
6 18 89.20
7 22 48.01
4 7 69.43
4 10 51.89
6 13 67.74
8 23 25.18
8 16 43.60
16 24 86.65
5 9 86.83
2 12 77.10
1 5 79.31
9 11 54.00
6 12 85.43
6 9 75.43
14 21 78.39
0 23 50.29
5 6 31.32
3 22 107.62
5 13 37.01
1 11 80.41
3 6 25.02
17 21 84.86
15 22 73.00
2 8 76.66
2 10 61.40
2 11 21.21
16 21 61.85
3 12 71.69
0 12 79.70
12 17 69.78
2 14 64.54
3 23 52.24
15 21 29.07
16 22 97.06
8 24 56.44
2 6 11.00
8 22 60.83
10 20 49.04
10 14 46.10
3 17 58.08
8 15 87.00
18 23 68.95
10 24 47.13
0 13 85.42
7 18 40.31
7 16 58.14
11 24 91.42
4 21 25.00
7 19 66.19
11 21 57.08
4 24 36.06
7 20 78.10
15 17 112.93
0 17 55.54
7 23 37.48
4 12 31.11
1 12 16.28
3 16 14.56
5 22 111.22
3 4 88.20
5 24 95.00
7 21 62.97
3 8 57.45
0 7 74.97
14 18 74.55
3 20 30.00
10 15 64.54
9 17 8.94
4 16 84.38
1 20 72.20
11 12 67.12
3 5 44.69
7 17 39.00
5 7 92.91
2 15 80.75
4 18 29.21
9 18 66.41
3 21 64.01
3 11 8.06
6 19 41.63
2 5 21.02
9 20 70.09
4 14 97.41
8 17 28.46
19 20 16.40
8 21 60.46
6 22 123.84
10 23 43.27
22 23 85.29
5 19 27.20
13 19 39.62
9 13 103.47
3 18 75.77
8 11 57.78
7 9 35.90
19 22 85.43
3 19 37.85
13 20 45.31
5 18 75.17
8 9 23.02
1 2 87.66
11 23 56.04
11 22 104.20
18 20 65.76
6 7 93.48
8 12 41.68
19 21 27.89
13 15 31.89
4 5 71.28
15 20 66.12
14 24 90.09
8 20 67.27
3 10 49.65
10 11 46.69
0 22 114.13
17 20 78.85
5 15 64.20
6 16 39.32
2 9 75.06
11 18 71.12
20 21 43.46
13 21 34.06
8 19 57.43
0 10 56.36
5 16 54.12
10 19 36.22
10 13 67.78
0 20 40.50
2 22 116.00
10 22 57.98
4 17 99.64
5 21 48.10
2 16 39.46
4 8 72.20
5 8 83.01
3 24 95.71
17 24 84.53
9 19 65.30
21 24 48.30
9 23 2.83
17 19 74.24
0 21 74.17
9 10 40.50
11 16 18.25
7 15 86.53
13 17 112.33
12 13 63.00
20 22 101.41
1 17 85.62
21 23 79.31
2 19 31.91
0 18 83.82
12 23 65.55
3 15 91.08
6 8 80.23
0 19 48.51
0 5 54.45
9 16 36.12
7 14 50.16
10 17 48.41
7 10 30.02
15 23 107.62
16 17 44.01
14 22 96.32
16 19 39.66
12 21 29.07
19 23 68.00
18 22 36.06
1 3 85.73
1 23 81.60
18 21 30.59
12 19 46.23
12 18 4.12
10 12 25.00
22 24 17.46
4 15 20.10
9 15 104.81
1 7 51.86
19 24 70.01
13 22 97.02
0 16 17.20
7 24 46.82
2 13 56.89
21 22 65.39
1 22 34.93
0 11 18.79
14 20 62.61
1 19 55.80
9 24 79.40
8 14 35.74
9 21 76.49
4 22 53.04
1 16 78.77
14 15 107.42
14 19 61.62
6 11 22.47
1 9 79.06
0 9 49.04
4 13 46.53
16 18 67.68
6 15 91.66
11 17 62.13
5 12 72.20
3 9 50.49
1 10 41.11
11 13 66.65
14 23 16.64
4 19 52.89
7 13 96.05
3 13 74.71
13 16 79.03
1 6 96.90
17 22 87.01
10 21 37.01
10 18 29.02
13 24 79.56
20 23 72.53
7 8 15.00
2 3 26.93
0 14 34.53
4 9 92.18
1 4 19.92
15 18 47.42
15 24 56.14
15 16 90.44
0 8 60.21
0 4 98.02
13 14 101.14
8 13 91.39
6 10 67.62
5 14 79.20
1 15 39.81
6 23 77.23
4 23 94.89
0 15 101.61
1 21 31.62
0 2 35.23
8 18 44.72
11 20 22.02
1 18 12.65
9 22 83.49
3 7 71.61
6 24 109.81
12 20 62.29
1 13 62.10
2 4 83.93
11 19 30.27
14 17 21.19
9 12 62.97
5 17 95.60
12 22 39.20
4 11 81.61
23 24 81.61
1 24 17.46
7 11 71.20
3 14 38.21
16 20 37.74
0 3 10.77
2 20 15.65
17 23 6.32
2 18 80.72
0 24 103.25
5 23 89.29
17 18 73.01
18 24 20.62
7 12 38.42
13 23 106.25
6 14 63.07
2 21 59.09
20 24 86.28
1 8 57.27
15 19 53.34
14 16 25.30
12 24 24.41
18 19 49.58
5 10 63.15
6 20 25.96
12 14 70.71
2 7 88.96
8 10 23.71
11 15 83.60
11 14 43.42
