4 6 29.41
3 10 3.54
1 5 53.41
5 7 27.68
2 12 57.73
6 11 32.24
2 6 46.41
10 12 14.36
7 13 26.86
4 12 24.93
7 11 48.75
0 9 10.19
3 6 37.60
3 4 24.88
2 3 63.01
0 8 50.00
7 10 50.64
1 7 26.64
3 11 62.97
2 8 20.11
7 8 22.99
1 9 59.74
2 13 49.54
9 11 56.19
4 9 31.53
1 11 73.17
8 10 41.19
2 10 61.00
1 10 51.74
7 9 55.40
1 12 50.67
2 11 72.81
3 12 17.82
0 11 46.36
10 11 59.59
0 13 31.88
4 13 35.21
10 13 38.91
0 3 19.41
7 12 42.31
1 4 28.53
4 5 58.12
3 9 10.45
6 9 35.30
2 9 68.30
11 13 26.67
4 10 23.23
6 10 34.09
4 7 33.20
0 12 10.36
3 13 42.44
6 12 21.34
5 8 50.65
2 5 47.42
1 13 47.78
12 13 25.42
6 8 34.16
5 9 71.63
9 10 9.34
8 12 39.75
0 6 29.12
3 7 53.61
2 4 38.25
0 10 16.98
9 13 39.14
6 7 25.20
6 13 5.82
0 4 34.39
11 12 45.28
8 13 38.95
3 5 73.32
2 7 24.08
0 2 68.09
8 9 48.95
1 3 53.37
4 8 18.18
0 7 52.01
8 11 65.18
5 11 37.55
4 11 61.41
0 5 64.83
5 12 57.67
3 8 43.03
5 13 32.96
5 6 36.33
9 12 13.98
5 10 69.90
1 6 43.54
0 1 60.94
1 2 11.87
1 8 10.94
